1.000000e+04 5.000000e+00 1.280000e+02 42
1.000000e+05 5.000000e+00 1.280000e+02 42
#1.000000e+06 5.000000e+00 1.280000e+02 42
1.000000e+06 5.000000e+01 1.280000e+02 42
#1.000000e+07 5.000000e+01 1.280000e+02 42
1.000000e+08 5.000000e+01 1.280000e+02 42
1.000000e+08 5.000000e+02 1.280000e+02 42
1.000000e+09 5.000000e+02 1.280000e+02 42
1.000000e+10 5.000000e+02 1.280000e+02 42
#1.000000e+10 5.000000e+02 2.560000e+02 42
1.000000e+04 5.000000e+00 6.400000e+01 42
1.000000e+06 5.000000e+01 6.400000e+01 42
1.000000e+08 5.000000e+02 6.400000e+01 42
1.000000e+05 5.000000e+00 6.400000e+01 42
1.000000e+07 5.000000e+01 6.400000e+01 42
1.000000e+09 5.000000e+02 6.400000e+01 42
1.000000e+06 5.000000e+00 6.400000e+01 42
1.000000e+08 5.000000e+01 6.400000e+01 42
1.000000e+10 5.000000e+02 6.400000e+01 42
1.000000e+08 5.000000e+01 2.560000e+02 42
3.000000e+07 5.000000e+01 1.280000e+02 42
1e7 50 128 33
1e6 5 128 33
# 30 10 128
